{
  "accessors": [
    {
      "bufferView": 3,
      "componentType": 5126,
      "count": 1545,
      "max": [
        0.33454999327659607,
        0.44745001196861267,
        1.1731400489807129
      ],
      "min": [
        -0.33134999871253967,
        -0.1012599989771843,
        0.0028399999719113111
      ],
      "type": "VEC3"
    },
    {
      "bufferView": 3,
      "byteOffset": 18540,
      "componentType": 5126,
      "count": 1545,
      "max": [
        0.99999910593032837,
        1,
        1
      ],
      "min": [
        -1,
        -0.9999966025352478,
        -1
      ],
      "type": "VEC3"
    },
    {
      "bufferView": 4,
      "componentType": 5126,
      "count": 1545,
      "max": [
        1,
        1,
        1,
        1
      ],
      "min": [
        -0.99999904632568359,
        -1,
        -0.9845309853553772,
        -1
      ],
      "type": "VEC4"
    },
    {
      "bufferView": 2,
      "componentType": 5126,
      "count": 1545,
      "max": [
        0.53026002645492554,
        0.29394999146461487
      ],
      "min": [
        0.22555999457836151,
        0.0029299999587237835
      ],
      "type": "VEC2"
    },
    {
      "bufferView": 1,
      "componentType": 5125,
      "count": 3930,
      "max": [
        1544
      ],
      "min": [
        0
      ],
      "type": "SCALAR"
    },
    {
      "bufferView": 5,
      "componentType": 5126,
      "count": 6,
      "max": [
        1,
        0,
        0,
        0,
        0,
        1,
        0.13052999973297119,
        0,
        0,
        1,
        1,
        0,
        0.079790003597736359,
        0.33118999004364014,
        1.0336400270462036,
        1
      ],
      "min": [
        1,
        0,
        0,
        0,
        0,
        -1,
        -1,
        0,
        0,
        -0.13052999973297119,
        -1,
        0,
        0,
        0,
        0,
        1
      ],
      "type": "MAT4"
    },
    {
      "bufferView": 0,
      "componentType": 5123,
      "count": 1545,
      "max": [
        2,
        2,
        2,
        2
      ],
      "min": [
        2,
        2,
        2,
        2
      ],
      "type": "VEC4"
    },
    {
      "bufferView": 4,
      "byteOffset": 24720,
      "componentType": 5126,
      "count": 1545,
      "max": [
        1,
        0,
        0,
        0
      ],
      "min": [
        1,
        0,
        0,
        0
      ],
      "type": "VEC4"
    }
  ],
  "asset": {
    "extras": {
      "author": "Yaiyeondurising (https://sketchfab.com/5Life)",
      "license": "CC-BY-SA-4.0 (http://creativecommons.org/licenses/by-sa/4.0/)",
      "source": "https://sketchfab.com/3d-models/silent-hill-sink-240796c1b98b424381195e8b4c7f83e9",
      "title": "Silent Hill Sink"
    },
    "generator": "Sketchfab-7.27.0",
    "version": "2.0"
  },
  "bufferViews": [
    {
      "buffer": 0,
      "byteLength": 12360,
      "byteOffset": 0,
      "byteStride": 8,
      "name": "shortBufferViews",
      "target": 34962
    },
    {
      "buffer": 0,
      "byteLength": 15720,
      "byteOffset": 12360,
      "name": "floatBufferViews",
      "target": 34963
    },
    {
      "buffer": 0,
      "byteLength": 12360,
      "byteOffset": 28080,
      "byteStride": 8,
      "name": "floatBufferViews",
      "target": 34962
    },
    {
      "buffer": 0,
      "byteLength": 37080,
      "byteOffset": 40440,
      "byteStride": 12,
      "name": "floatBufferViews",
      "target": 34962
    },
    {
      "buffer": 0,
      "byteLength": 49440,
      "byteOffset": 77520,
      "byteStride": 16,
      "name": "floatBufferViews",
      "target": 34962
    },
    {
      "buffer": 0,
      "byteLength": 384,
      "byteOffset": 126960,
      "byteStride": 64,
      "name": "floatBufferViews"
    }
  ],
  "buffers": [
    {
      "byteLength": 127344,
      "uri": "scene.bin"
    }
  ],
  "extensionsRequired": [
    "KHR_materials_pbrSpecularGlossiness"
  ],
  "extensionsUsed": [
    "KHR_materials_pbrSpecularGlossiness"
  ],
  "images": [
    {
      "uri": "textures/DIFFUSE_diffuse.png"
    }
  ],
  "materials": [
    {
      "doubleSided": true,
      "emissiveFactor": [
        0,
        0,
        0
      ],
      "extensions": {
        "KHR_materials_pbrSpecularGlossiness": {
          "diffuseFactor": [
            1,
            1,
            1,
            1
          ],
          "diffuseTexture": {
            "index": 0,
            "texCoord": 0
          },
          "glossinessFactor": 1,
          "specularFactor": [
            0,
            0,
            0
          ]
        }
      },
      "name": "DIFFUSE"
    }
  ],
  "meshes": [
    {
      "name": "s4studio_mesh_1",
      "primitives": [
        {
          "attributes": {
            "JOINTS_0": 6,
            "NORMAL": 1,
            "POSITION": 0,
            "TANGENT": 2,
            "TEXCOORD_0": 3,
            "WEIGHTS_0": 7
          },
          "indices": 4,
          "material": 0,
          "mode": 4
        }
      ]
    }
  ],
  "nodes": [
    {
      "children": [
        1
      ],
      "name": "RootNode (gltf orientation matrix)",
      "rotation": [
        -0.70710678118654746,
        -0,
        -0,
        0.70710678118654757
      ]
    },
    {
      "children": [
        2
      ],
      "name": "RootNode (model correction matrix)"
    },
    {
      "children": [
        3,
        5,
        7,
        9,
        11
      ],
      "name": "Root"
    },
    {
      "children": [
        4
      ],
      "matrix": [
        -0.29086000000000006,
        0.95517000000000007,
        -0.05519000000000001,
        0,
        -0.77110000000000001,
        -0.19988000000000003,
        0.60452000000000006,
        0,
        0.56639000000000006,
        0.21839000000000003,
        0.7946700000000001,
        0,
        3,
        0,
        4,
        1
      ],
      "name": "Lamp.004"
    },
    {
      "name": "Lamp.004"
    },
    {
      "children": [
        6
      ],
      "matrix": [
        -0.29086000000000006,
        0.95517000000000007,
        -0.05519000000000001,
        0,
        -0.77110000000000001,
        -0.19988000000000003,
        0.60452000000000006,
        0,
        0.56639000000000006,
        0.21839000000000003,
        0.7946700000000001,
        0,
        -3,
        0,
        4,
        1
      ],
      "name": "Lamp.001"
    },
    {
      "name": "Lamp.001"
    },
    {
      "children": [
        8
      ],
      "matrix": [
        -0.29086000000000006,
        0.95517000000000007,
        -0.05519000000000001,
        0,
        -0.77110000000000001,
        -0.19988000000000003,
        0.60452000000000006,
        0,
        0.56639000000000006,
        0.21839000000000003,
        0.7946700000000001,
        0,
        0,
        3,
        4,
        1
      ],
      "name": "Lamp.002"
    },
    {
      "name": "Lamp.002"
    },
    {
      "children": [
        10
      ],
      "matrix": [
        -0.29086000000000006,
        0.95517000000000007,
        -0.05519000000000001,
        0,
        -0.77110000000000001,
        -0.19988000000000003,
        0.60452000000000006,
        0,
        0.56639000000000006,
        0.21839000000000003,
        0.7946700000000001,
        0,
        0,
        -3,
        4,
        1
      ],
      "name": "Lamp.003"
    },
    {
      "name": "Lamp.003"
    },
    {
      "children": [
        12,
        19,
        18
      ],
      "name": "rig"
    },
    {
      "children": [
        13
      ],
      "name": "rig_rootJoint"
    },
    {
      "children": [
        14
      ],
      "name": "b__ROOT___rig",
      "rotation": [
        0.7071068286895752,
        0,
        0,
        0.7071068286895752
      ],
      "scale": [
        1,
        1,
        1
      ],
      "translation": [
        0,
        0,
        -0.0010000000474974513
      ]
    },
    {
      "children": [
        15,
        17
      ],
      "name": "transformBone_rig",
      "rotation": [
        0,
        0,
        0,
        1
      ],
      "scale": [
        1,
        1,
        1
      ],
      "translation": [
        0,
        0,
        0
      ]
    },
    {
      "children": [
        16
      ],
      "name": "_FX_water_rig",
      "rotation": [
        0.75184136629104614,
        0,
        0,
        0.65934419631958008
      ],
      "scale": [
        1,
        0.9999956488609314,
        0.9999956488609314
      ],
      "translation": [
        0,
        1.0690300464630127,
        -0.19343000650405884
      ]
    },
    {
      "name": "_FX_water_attract_rig",
      "rotation": [
        0,
        0,
        0,
        1
      ],
      "scale": [
        1,
        1,
        1
      ],
      "translation": [
        0,
        0.062320001423358917,
        0.20232999324798584
      ]
    },
    {
      "name": "_FX_repair_rig",
      "rotation": [
        0.7071068286895752,
        0,
        0,
        0.7071068286895752
      ],
      "scale": [
        1,
        1,
        1
      ],
      "translation": [
        -0.079790003597736359,
        1.0111600160598755,
        -0.31894999742507935
      ]
    },
    {
      "name": "s4studio_mesh_1"
    },
    {
      "mesh": 0,
      "name": "s4studio_mesh_1_0",
      "skin": 0
    }
  ],
  "samplers": [
    {
      "magFilter": 9729,
      "minFilter": 9987,
      "wrapS": 10497,
      "wrapT": 10497
    }
  ],
  "scene": 0,
  "scenes": [
    {
      "name": "OSG_Scene",
      "nodes": [
        0
      ]
    }
  ],
  "skins": [
    {
      "inverseBindMatrices": 5,
      "joints": [
        12,
        13,
        14,
        15,
        16,
        17
      ],
      "skeleton": 12
    }
  ],
  "textures": [
    {
      "sampler": 0,
      "source": 0
    }
  ]
}

